query_id         P5     P10      AP      RR NDCG@10
-------------------------------------------------------
1               0.4     0.3   0.017   0.333   0.144
10              0.0     0.0    0.02    0.04     0.0
11              0.0     0.2   0.004   0.142   0.065
12              0.0     0.0   0.006   0.058     0.0
13              0.0     0.0   0.008   0.058     0.0
14              0.0     0.0   0.000   0.021     0.0
15              0.2     0.1   0.013     0.5   0.095
16              0.2     0.1   0.011     0.5   0.190
17              0.2     0.2   0.026   0.333   0.133
18              0.0     0.0     0.0     0.0     0.0
19              0.0     0.0   0.000   0.027     0.0
2               1.0     0.8   0.154     1.0   0.803
20              0.2     0.3   0.011     0.2   0.205
21              0.2     0.1   0.005     0.5   0.190
22              0.6     0.8   0.047     1.0   0.702
23              0.0     0.0   0.000   0.030     0.0
24              0.2     0.4   0.013     0.2   0.272
25              0.0     0.0     0.0     0.0     0.0
26              0.2     0.1   0.003     0.5   0.190
27              0.2     0.3   0.070    0.25   0.110
28              1.0     0.6   0.349     1.0   0.586
29              0.2     0.1   0.068     0.2   0.040
3               0.0     0.0     0.0     0.0     0.0
30              0.6     0.6   0.058     1.0   0.453
31              0.2     0.1   0.062     1.0   0.190
32              0.2     0.1   0.039     1.0   0.190
33              0.4     0.4   0.092     1.0   0.208
34              0.0     0.1   0.035     0.1   0.028
35              0.8     0.7   0.045     1.0   0.506
36              0.2     0.2   0.033   0.333   0.177
37              0.0     0.0   0.000   0.083     0.0
38              0.0     0.0   7.449   0.032     0.0
39              0.0     0.0   0.022   0.066     0.0
4               0.0     0.0     0.0     0.0     0.0
40              0.0     0.0   0.002   0.066     0.0
41              0.2     0.2   0.014   0.333   0.090
42              0.0     0.0     0.0     0.0     0.0
43              0.4     0.5   0.135   0.333   0.330
44              0.0     0.1   0.003   0.166   0.073
45              0.0     0.0   0.009   0.083     0.0
46              0.0     0.0   0.000   0.034     0.0
47              0.0     0.0   0.035   0.052     0.0
48              0.6     0.4   0.015     1.0   0.514
49              0.0     0.0     0.0     0.0     0.0
5               0.0     0.0     0.0     0.0     0.0
50              0.0     0.0     0.0     0.0     0.0
6               0.0     0.0   0.000   0.022     0.0
7               1.0     0.7   0.135     1.0   0.819
8               0.8     0.8   0.204     1.0   0.519
9               0.0     0.0   0.001    0.05     0.0
-------------------------------------------------------
Average       0.204   0.186   0.035   0.333   0.156
